1.jpg 1 65 266 125 207 1 138 178 107 203 1 215 257 120 207 1 288 179 99 191 1 358 257 113 205
10.jpg 2 73 246 118 317 2 195 246 111 307 2 329 237 168 322
11.jpg 3 51 305 77 172 3 45 160 70 116 3 118 136 63 122 3 112 269 61 165 3 164 155 47 100 3 209 250 63 218 3 276 269 58 188 3 291 130 62 82 3 363 159 72 144 3 345 318 52 151 3 393 313 45 152
12.jpg 3 73 151 140 228 3 177 337 117 157 3 315 272 195 283
13.jpg 3 221 199 176 312 3 74 188 148 326 3 356 207 115 292
14.jpg 3 50 223 92 230 3 148 222 89 218 3 229 225 81 206 3 334 247 102 164
15.jpg 3 98 197 99 235 3 189 203 94 232 3 272 205 94 228 3 370 210 88 229
2.jpg 1 43 214 64 308 1 113 201 68 303 1 174 109 59 135 1 223 229 67 270 1 294 205 86 329 1 369 213 75 337
3.jpg 1 266 190 185 181 1 44 239 82 353 1 124 213 90 400 1 215 60 76 112 1 285 58 60 110 1 360 53 103 92
4.jpg 1 88 209 94 406 1 183 212 81 400 1 278 217 83 392 1 361 219 78 382
5.jpg 1 60 209 89 405 1 159 205 94 387 1 258 208 93 392 1 351 216 81 376
6.jpg 2 122 195 125 169 2 240 218 122 305 2 352 207 125 265
7.jpg 2 245 58 108 108 2 63 324 118 182 2 167 220 78 189 2 249 230 95 130 2 368 264 95 184
8.jpg 2 161 126 86 249 2 278 142 88 184 2 372 150 88 186 2 172 339 173 144 2 339 338 148 147 2 61 178 106 144
9.jpg 2 59 136 111 140 2 160 114 80 100 2 263 186 109 196 2 371 178 81 246
